,ground,low,medium,high,buildings,vegetation,total,id_x,id_int,distance,traffic,area,mean_line_length,ground_lnorm,low_lnorm,medium_lnorm,high_lnorm,buildings_lnorm,vegetation_lnorm,ground_anorm,low_anorm,medium_anorm,high_anorm,buildings_anorm,vegetation_anorm,id_y,w_buildings,w_height,buildings_0_25,mean_height_0_25,buildings_25_50,mean_height_25_50,buildings_50_100,mean_height_50_100,buildings_100_150,mean_height_100_150,buildings_150_200,mean_height_150_200,buildings_200_250,mean_height_200_250,buildings_250_inf,mean_height_250_inf,max_height,mean_height,std_height,near_building_density,near_max_height
0,348836,5308,33229.0,36503.0,3814.0,75040.0,427690.0,1,1,37.70793500026989,53,29061.71186632912,169.0978653989381,2062.9237345901506,31.390106477555413,196.5075071858871,215.86907625286457,22.55498607863533,443.7666899163071,12.003284651795106,0.18264581330977428,1.143394448091652,1.2560512666252244,0.13123796758920103,2.5820915280266505,1,3.5314424999638963,1653.1797121928769,0,12.861525720017308,8,11.903646652884214,0,10.819391388331569,0,0.0,0,0.0,0,0.0,0,0.0,25.260214696121295,12.106692808636412,4.4493083464985865,1,25.110214696121297
1,981731,36130,84749.0,30950.0,107171.0,151829.0,1240731.0,2,2,95.53043582114152,46,86594.98611996758,235.62397941773997,4166.51565950968,153.3375341902056,359.67901148867236,131.3533540876519,454.8391053611548,644.3698997665299,11.337042061995627,0.417229699072253,0.9786825288312863,0.35741099325453174,1.2376120697279942,1.753323221158071,2,67.7295303913092,5432.495502496274,1,13.51677953694264,58,12.130959741172392,148,13.246060677618923,28,13.604919651586854,0,0.0,0,0.0,0,0.0,28.032419651586853,13.000849336063885,3.596416200157832,7,24.932419651586855
2,491573,6844,8580.0,3118.0,68094.0,18542.0,578209.0,4,4,192.6424176171571,41,36989.34524087304,254.99195652402298,1927.7980635192646,26.840062303515136,33.64812018763295,12.22783668357104,267.0437174891233,72.71601917471912,13.289583711171355,0.18502625432897404,0.23195868821487395,0.08429454427202529,1.840908498287136,0.5012794868158733,4,26.993763566455257,973.1745738394691,0,12.25420256517946,14,9.613293307371022,69,7.913590434642225,57,8.812422678650941,4,6.783291748859666,0,4.70877561982741,0,0.0,25.81877561982741,8.941477599108753,3.399000609040357,0,25.81877561982741
3,627459,43610,138688.0,197578.0,0.0,379876.0,1007335.0,7,7,172.1988650647807,43,31438.356034391552,300.62283285656696,2087.1967509512924,145.06549481159067,461.33555020476695,657.2288542509622,0.0,1263.6298992673196,19.9583909321976,1.3871590471299913,4.411426597761161,6.284616147990127,0.0,12.08320179288128,7,0.0,1259.155432339309,0,13.138025500180882,0,10.289638097226215,0,10.318782303688335,0,12.636475821101284,0,13.083341643886092,0,13.439869938748345,0,0.0,25.602075821101284,11.977896338940592,5.834662052631025,0,23.812307690284708
4,941521,86392,108042.0,38298.0,15761.0,232732.0,1190014.0,9,9,152.98932044223574,46,76316.65805059978,241.79100114721123,3893.945579168877,357.3003113850436,446.8404509985054,158.39299154348086,65.18439447795713,962.5337539270298,12.33703131203346,1.132020219526909,1.4157066459640508,0.501830150563033,0.2065210977864109,3.049557016053993,9,6.285501160737933,2078.6624245809007,0,9.782502559970087,0,9.097920471182336,30,6.686288876114909,12,6.176696271937632,0,7.961679030558324,0,0.0,0,0.0,25.993679030558322,7.487504803294992,4.3251517275950295,0,25.993679030558322
5,983494,61582,214484.0,357245.0,106297.0,633311.0,1723102.0,13,13,185.68891287378625,36,62299.442516103685,259.75352601610246,3786.2585162329306,237.07859117255043,825.7212261546119,1375.323005154717,409.22254889202355,2438.122822481879,15.786561809855332,0.9884839657125626,3.442791642069002,5.734320975788127,1.706227145973633,10.165596583569691,13,17.604370946339273,6050.382234981465,0,22.70712698068147,6,23.37741970160411,36,20.28282745736121,74,20.278538069266517,37,20.23559358012734,1,23.149836004369757,0,0.0,38.87650267103643,21.187253493142602,4.897221772750416,0,34.49230769028471
6,540933,86307,143640.0,138055.0,76952.0,368002.0,985887.0,18,18,203.33415579598704,40,59202.52635294908,286.76181061684576,1886.3495067087674,300.97103869705415,500.9035188159113,481.42742474332107,268.3481452236286,1283.3019822562865,9.136991836718371,1.4578263009497525,2.4262478115149695,2.331910621127117,1.2998093956537171,6.2159847335918395,18,28.780962162058085,3254.4937565326445,0,15.004546409336575,13,12.930319723540308,68,10.735682378478332,65,8.924336077725725,45,8.68256418229964,7,11.290556751126115,0,0.0,27.582075821101284,10.848486272911542,5.151070696426486,1,27.582075821101284
7,132887,1034,3136.0,1898.0,0.0,6068.0,138955.0,23,23,105.58386329977856,45,46924.839956925425,233.5802522841127,568.9136761371608,4.426744084265762,13.425792503150317,8.125686916766359,0.0,25.978223504182438,2.8319116297889004,0.02203523764703638,0.06683027588114708,0.04044766059388302,0.0,0.12931317412206647,23,0.0,60.45462754125813,0,0.0,0,0.0,0,6.829183239176367,0,7.560224905843033,0,0.0,0,0.0,0,0.0,19.060224905843036,6.910410091028218,5.667402400192389,0,0.0
8,534907,7631,19185.0,9570.0,113242.0,36386.0,684535.0,24,24,276.90372014048233,43,41115.82056152414,321.20864932830114,1665.294509094249,23.757143576169714,59.72753236912803,29.793718257626022,352.5496596583162,113.27839420292376,13.009761028594472,0.18559765792783495,0.4666087101750116,0.23275712047823097,2.754219627711163,0.8849634885810775,24,10.583318728805892,555.4113593109448,0,10.155503027570736,0,7.967385329140651,3,7.59659744351123,89,9.729420889138575,86,10.724299196256428,25,12.953831463220084,0,13.698558239176366,25.350224905843035,10.144920004024685,4.304469339716972,0,17.184561225916593
9,1275608,3862,4162.0,199.0,0.0,8223.0,1283831.0,25,25,8.024580327109653,57,115225.42326683634,202.78230709956247,6290.529081384301,19.045054054463574,20.524473064390833,0.9813479432517481,0.0,40.55087506210616,11.070542974235615,0.033516908773304925,0.036120500858232804,0.0017270494163354943,0.0,0.07136445904787322,25,0.0,850.3067201633961,0,12.320552490528035,0,11.551774209099975,0,13.147011694854836,0,0.0,0,0.0,0,0.0,0,0.0,22.879511694854834,11.889084528039211,4.023552343303548,0,22.879511694854834
10,593562,11374,81031.0,40512.0,97599.0,132917.0,824078.0,26,26,170.55101451961485,43,36928.360698217024,242.99804672925967,2442.661609791979,46.80696060356622,333.4635857805147,166.7173894822995,401.6452037935167,546.9879358663804,16.073337369363877,0.3080017575908578,2.1942755775755933,1.0970430106840892,2.642928041068237,3.5993203458505403,26,27.74893603711798,1215.6143721052047,0,10.921178361521502,2,10.47565455199769,91,9.56699961756015,48,14.62125481412089,6,14.271462914367032,0,0.0,0,0.0,25.459511694854836,11.422640797699474,4.604653251374022,0,18.749511694854835
11,437729,17827,71264.0,54223.0,289.0,143314.0,581332.0,33,33,96.77991643303359,44,30573.46018803792,190.38348872426428,2299.196232473555,93.63732180482917,374.31817474052536,284.8093622159226,1.5179887811519397,752.7648587612771,14.31728686605334,0.5830874192962607,2.3309105204873912,1.7735316731082709,0.009452642855029975,4.687529612891923,33,0.2566162730881905,1198.8650102501779,0,14.824322779349089,0,11.860992854512055,0,10.622026290324193,2,13.940214696121297,0,0.0,0,0.0,0,0.0,21.130214696121296,11.536152197961199,3.960845886471491,0,20.920214696121295
12,778658,47097,60087.0,19953.0,45695.0,127137.0,951490.0,35,35,77.80282587853249,48,51863.460223220995,213.17557051484928,3652.66056574602,220.93056857431674,281.8662563204656,93.59890512693678,214.35382998924354,596.3957300217191,15.013614530319536,0.9080959850594987,1.1585613405157462,0.3847217272839497,0.8810634655560607,2.4513790528591946,35,21.662336622958676,1822.1349001614392,0,10.47671843044299,14,7.862348506144372,67,8.409733125007481,0,12.962112979315071,0,0.0,0,0.0,0,0.0,26.3637816590589,8.569389886019174,3.6319996327830295,0,26.3637816590589
13,916423,144615,139094.0,63869.0,0.0,347578.0,1264001.0,44,44,46.24091108023467,50,72768.24995381007,242.31780550642577,3781.9053291801883,596.7989009217282,574.0147724980594,263.5753483592287,0.0,1434.3890217790163,12.593720483613431,1.9873365113465686,1.911465509865779,0.8777042190864985,0.0,4.776506240298846,44,0.0,2644.335840527151,0,10.778429030558323,0,7.520122179246368,0,5.4566260504258715,0,6.226709333588626,0,0.0,0,0.0,0,0.0,27.263679030558322,7.1756840430896505,5.014217754465589,0,27.263679030558322
14,797875,56032,113654.0,66435.0,56833.0,236121.0,1090829.0,49,49,194.97420506545072,45,69526.84638014778,289.9471583171053,2751.7945153557653,193.2490055264474,391.98176888390304,229.12795692014444,196.0115778677289,814.3587313304948,11.475782975075651,0.8059045234647518,1.6346779110126874,0.9555301794756709,0.8174252531066576,3.39611261395311,49,28.779742790773007,2452.6608387737,8,16.240019651586852,32,12.609364096031298,38,10.293841873809077,9,9.811363313558683,8,13.103789514600553,0,9.992419651586854,0,0.0,33.95241965158685,11.66858506512069,5.91589927596093,13,27.072419651586856
15,1184568,16539,33374.0,20649.0,10001.0,70562.0,1265131.0,50,50,15.973337423900793,56,89321.57411096933,231.18686844030256,5123.85503550294,71.53953038760386,144.35941031234603,89.31735673097721,43.25937743554182,305.2162974309271,13.261835248540772,0.18516243320401685,0.3736387354586649,0.23117595279217268,0.11196623099784585,0.7899771214548544,50,0.0,1789.8501678078478,0,14.79269876429307,0,12.986971981401199,0,9.777108084794138,0,0.0,0,0.0,0,0.0,0,0.0,27.279511694854836,13.202385151782668,4.267733478830515,0,27.279511694854836
16,861798,45314,59883.0,32837.0,211351.0,138034.0,1211183.0,57,57,210.58163164465512,43,65424.77758061899,292.1199743331903,2950.1508822434657,155.1211967050056,204.9945408104747,112.40929373267133,723.507526256778,472.5250312481516,13.172348945902927,0.69261221322705,0.9152954310958078,0.5019046485796143,3.230442774368854,2.1098122929024723,57,29.727246426178937,770.7831888342217,0,9.553363482584361,6,8.747780652520317,62,7.70249086892485,120,7.67555532382665,80,8.925712693541657,22,9.942016953176548,0,0.0,45.1537816590589,8.236349450830673,4.130407790115794,0,15.783781659058901
17,970295,71690,54025.0,7432.0,16443.0,133147.0,1119885.0,59,59,65.85417160033187,50,74444.28212112095,215.68090297932144,4498.752493135787,332.38918703374185,250.48578364483055,34.45831270797558,76.23762592266448,617.3332833865479,13.03384185263992,0.9630020997900184,0.7257105376085332,0.09983305350313038,0.22087660101614273,1.788545690901682,59,15.426760660507476,5284.581515296439,0,15.404067255343854,11,14.653703024663455,36,18.27584259543651,0,20.491659571045602,0,0.0,0,0.0,0,0.0,37.13277068215672,15.67196855008773,4.967845118099298,0,27.64877561982741
18,612843,34247,41160.0,8653.0,0.0,84060.0,696903.0,60,60,5.878652721452507,48,46940.30005752978,189.07721548173177,3241.2313585145407,181.12705918978835,217.6888415409142,45.76437186233068,0.0,444.58027259303327,13.055796389219987,0.7295863034115049,0.8768584766086822,0.18434053445322954,0.0,1.7907853144734167,60,0.0,2015.3004970039688,0,17.41465748151106,0,19.477615782301044,0,19.98787549254863,0,0.0,0,0.0,0,0.0,0,0.0,32.26277068215671,19.035145447162773,4.6522797017874185,0,26.112770682156714
19,837264,51103,177678.0,138086.0,40861.0,366867.0,1244992.0,74,74,266.3989969802862,35,41663.54693799729,311.7615882232104,2685.5906295952923,163.91692219444312,569.9162652224775,442.9217877256105,131.0648955596959,1176.754975142531,20.09584064568474,1.226563837112819,4.264591304826164,3.3143121541115144,0.9807374312323522,8.805467296050498,74,16.247621195548273,1159.3481428109883,0,9.088988967173059,23,9.130965711359105,20,8.326041598752008,0,6.105769789090867,0,5.564515282962533,16,9.822854946554504,9,12.13398896717306,26.21398896717306,8.462173958447057,4.250101222979143,0,24.64398896717306
20,779192,43197,220004.0,177294.0,226286.0,440495.0,1445973.0,75,75,266.505231562816,40,50217.017812093116,304.3445689852433,2560.229685050764,141.93451896982754,722.8780218866573,582.5436628987337,743.5190999283838,1447.3562037552185,15.516492893219104,0.8602063977920533,4.381064618835635,3.530556128669683,4.506161653141945,8.77182714529737,75,17.521805577034733,1919.4085854600553,0,8.060774681458772,0,11.776762076416759,13,12.55722783356982,144,12.175761119071797,87,12.30491343082718,39,12.061893379403188,6,12.03777388254784,28.31398896717306,12.109330672131986,4.330600176342527,0,19.70398896717306
21,752329,46080,142915.0,315822.0,24115.0,504817.0,1281261.0,84,84,77.03093659848719,44,46044.64847480018,186.39540224394676,4036.199342596349,247.21639828697255,766.7302856159437,1694.3658276863769,129.3755087823425,2708.312511589293,16.33911920104554,1.000767766208904,3.103835184629894,6.859038139314855,0.5237307873725634,10.963641090153653,84,0.7313826228105303,1651.8344555427357,0,22.144481603328188,0,25.580054349054645,3,21.494907397179595,0,0.0,0,0.0,0,0.0,0,0.0,38.80230769028471,23.647047197100054,5.6872304236282005,0,37.36230769028471
22,571357,41351,123452.0,177695.0,62601.0,342498.0,976456.0,89,89,224.43920528718354,37,48951.98979730132,317.5385590830391,1799.331084860737,130.22355495789208,388.77798134656217,559.601330034162,197.14456153222417,1078.6028663386162,11.671782952355052,0.8447256213940387,2.5218995287257107,3.6299852311579817,1.2788244208093689,6.996610381277731,89,19.692402384402612,3232.185208692646,0,20.878963509618952,8,21.6468685387209,46,20.130167515883883,47,22.116408511538612,25,20.160533645089128,3,20.353115509742928,0,0.0,37.572770682156715,20.979906739239652,6.380792795053395,3,27.112770682156714
23,639572,35166,194445.0,165794.0,49128.0,395405.0,1084105.0,91,91,185.00574919633516,43,53036.05774739591,296.79928132847505,2154.8974011570126,118.48411439069802,655.1397265170698,558.6064739035257,165.52600727367948,1332.2303148112935,12.059191937798264,0.6630583322669126,3.6662792873127397,3.126061910364002,0.926313193073107,7.455399529943654,91,17.36987253134384,4144.121284654712,0,17.76880380723342,21,15.405887220540713,25,14.859755545845871,28,16.359752685107658,23,14.732154564267827,0,18.221894824008086,0,0.0,28.481894824008087,15.751463694819549,4.471509053446041,0,28.431894824008086
24,527976,57342,97765.0,148229.0,52712.0,303336.0,884024.0,92,92,96.01080195938047,52,52669.66988811862,224.15289633546337,2355.427962928662,255.816458040243,436.15318650037244,661.2852317471867,235.16091409817042,1353.254876287802,10.024289142527973,1.0887100701752335,1.8561916223829253,2.8143142023648404,1.000803690472549,5.759215894922999,92,34.90302784052095,4254.022665982709,0,18.169666182547065,27,14.662938440909592,100,14.774417828536226,3,13.264575821101284,0,0.0,0,0.0,0,0.0,30.442075821101284,15.123353681428178,5.636079578740015,0,28.572075821101283
25,409030,17199,63934.0,68007.0,255935.0,149140.0,814105.0,97,97,208.98267302276756,43,34183.20944623892,299.7913506196284,1364.3822583760004,57.36990064740687,213.26165637486545,226.84777215699745,853.7104205008476,497.47932917926977,11.965816160220275,0.5031417552248698,1.8703334483718137,1.9894855135518181,7.4871553650489595,4.362960717148502,97,32.41246820631701,2368.124847064665,0,16.276237505033755,3,17.428057066950906,74,15.67476247115488,116,19.87187155505569,93,17.256651089939417,40,28.45443416686249,0,15.262011089939412,34.23001108993941,18.16140826419373,6.027088700599152,0,30.37001108993941
26,473193,57322,106259.0,81124.0,197216.0,244705.0,915114.0,100,100,214.22353954117787,45,50529.36363322982,279.35328280876973,1693.8873788854758,205.19536918862545,380.37498228628016,290.39930794560644,705.9734470169212,875.969659420512,9.364713227633294,1.1344294857159671,2.102915856437196,1.6054823209103333,3.9029978970545374,4.842827663063496,100,32.6778225671424,1146.3553222985092,3,10.93874248776795,17,9.497542487767952,58,12.441841446101282,87,16.011051724715742,74,16.523742487767947,7,14.60336614368193,0,0.0,28.022075821101286,14.152365152023526,5.41888342423731,7,19.602075821101284
27,821649,1122,6788.0,2461.0,0.0,10371.0,832020.0,103,103,63.96107682526911,54,42878.49268643272,197.04700400061284,4169.812193629925,5.694072872057016,34.4486333828191,12.489405827212405,0.0,52.63211208208852,19.162264075107746,0.026166964594700283,0.1583078036264042,0.05739474141493529,0.0,0.2418695096360398,103,0.0,301.1729136973989,0,8.250481040384312,0,7.241763744157435,0,6.6343117814108945,0,0.0,0,0.0,0,0.0,0,0.0,15.68648104038431,7.084089196154928,3.028647568986858,0,13.03648104038431
28,215960,10096,21821.0,14820.0,22879.0,46737.0,285576.0,109,109,274.1737847486491,43,18383.34098701846,326.25927444588774,661.9275432607461,30.94471419133401,66.88238989392823,45.4239960692918,70.12520958632437,143.25110015455405,11.7475925704964,0.5491928810508041,1.1869985991887477,0.8061646688958911,1.2445507057806406,2.542356149135443,109,3.091937616670162,457.79478526041277,0,12.642770682156716,0,15.925497954883987,0,23.33969375907979,24,21.927981949762348,23,21.4245448757051,13,20.2490750299828,6,19.062001451387484,35.69277068215671,21.134176932156716,4.604657413691157,0,12.882770682156716
29,300224,5574,18080.0,13084.0,0.0,36738.0,336962.0,110,110,17.81150992818639,49,29207.83329860138,181.18927665632143,1656.9634005960675,30.76340997029711,99.78515469375166,72.2117789830225,0.0,202.76034364707127,10.278886384029597,0.19083921573418838,0.619012023766438,0.4479620198539865,0.0,1.257813259354613,110,0.0,1111.8528319048714,0,15.2431116449444,0,14.534444958718426,0,15.287908831416283,0,0.0,0,0.0,0,0.0,0,0.0,28.786502671036427,14.822851499055847,6.813477229973202,0,24.466502671036427
30,1099279,107198,120060.0,83106.0,0.0,310364.0,1409643.0,111,111,7.038381495621346,54,77315.58270104135,190.73433903169408,5763.403724681869,562.0277950169584,629.4619029248308,435.7159828791521,0.0,1627.2056808209413,14.218078188075197,1.3864992832622882,1.5528564334079957,1.0748932763185481,0.0,4.014248992988832,111,0.0,1479.4007010139003,0,10.151842295864444,0,7.932454540762404,0,4.78295960609789,0,0.0,0,0.0,0,0.0,0,0.0,26.453679030558323,6.4662794129675,4.645437216049733,0,23.343679030558324
31,196981,9345,28175.0,22798.0,13455.0,60318.0,270754.0,114,114,119.24305040111497,51,16140.222204116386,197.17120652670377,999.0353230065668,47.39535840256861,142.89611803021623,115.62540191137069,68.24018697769509,305.9168783441555,12.204354903475998,0.5789883114258898,1.7456389164713157,1.4124960432196294,0.8336316458250773,3.737123271116835,114,5.368913221992508,1071.8779515103774,0,18.395270682156717,0,18.941170682156713,29,22.294824253585286,4,28.12957919279502,0,0.0,0,0.0,0,0.0,38.112770682156714,23.027464559707738,4.937504369221861,0,22.702770682156714
32,417267,33689,107424.0,147273.0,176893.0,288386.0,882546.0,115,115,293.548433206917,41,44193.23212156357,331.2019557326134,1259.8566909939047,101.71739452890752,324.3459108276696,444.66222934654627,534.0940684022096,870.7255347031235,9.441875598784264,0.7623112948003151,2.430779439360891,3.3324785929866367,4.002716966105024,6.525569327147843,115,55.6435356777033,3987.454870970593,9,21.852202427126816,48,18.96533290036874,68,20.004877522686943,71,22.12256085484167,64,22.48982403015399,41,22.926450514204035,27,24.086313505959094,36.80230769028471,21.61432747859054,4.034865063002905,16,31.242307690284708
33,575956,30243,71412.0,26655.0,165712.0,128310.0,869978.0,132,132,195.33417329199543,42,61598.39076056452,286.99195556220207,2006.8715824167707,105.379260337648,248.82927418682405,92.87716775121541,577.4099126763987,447.0857022756875,9.350179329177035,0.4909706183324786,1.1593160002763934,0.43272234340681204,2.690200148963783,2.083008962015684,132,62.860102482461514,2089.537087507772,2,14.060632654235526,16,12.177667520997103,194,13.5010482425149,139,13.944907709064191,59,12.42706964918291,13,12.476228157341417,0,0.0,28.06001108993941,13.288928750716249,3.656523650623294,3,28.06001108993941
34,650734,2,0.0,0.0,0.0,2.0,650736.0,143,143,35.87920047999552,46,45724.038180729745,190.71230953415167,3412.123745916203,0.010487000051991146,0.0,0.0,0.0,0.010487000051991146,14.231770112427425,4.3740668575569816e-05,0.0,0.0,0.0,4.3740668575569816e-05,143,0.0,9.065933676760263,0,5.4914810403843095,0,0.0,0,0.0,0,0.0,0,0.0,0,0.0,0,0.0,5.64648104038431,5.4914810403843095,0.1549999999999998,0,5.64648104038431
35,673767,6259,5373.0,749.0,887.0,12381.0,687035.0,144,144,60.84692744257027,47,62604.744826541195,219.91406985736643,3063.773956968724,28.461116671886938,24.432270311239577,3.4058757608632875,4.033393591302718,56.2992627439898,10.762235384343542,0.09997644774915695,0.08582416580224003,0.011963949411106976,0.014168255177105323,0.19776456296250397,144,1.6928972998330032,493.69554812418244,0,10.44456122591659,1,7.666311225916592,4,7.122943578857768,0,0.0,0,0.0,0,0.0,0,0.0,22.444561225916594,7.590230015725509,3.5460472789167023,0,22.444561225916594
36,763618,9,0.0,0.0,0.0,9.0,763627.0,145,145,51.405153615498755,46,51623.45116734221,204.41650982785464,3735.598463368081,0.0440277549380878,0.0,0.0,0.0,0.0440277549380878,14.792075747215376,0.0001743393708961004,0.0,0.0,0.0,0.0001743393708961004,145,0.0,8.543443691766615,0,5.30148104038431,0,0.0,0,0.0,0,0.0,0,0.0,0,0.0,0,0.0,5.42648104038431,5.30148104038431,0.125,0,5.42648104038431
37,885787,56807,233763.0,344129.0,239443.0,634699.0,1759929.0,155,155,210.5336233731743,45,73772.42814971399,275.9543233450116,3209.90441194337,205.85653202097913,847.1075834812636,1247.0505836929872,867.6907000316739,2300.0146991952297,12.007019725613223,0.7700302324971018,3.1687041603890367,4.6647373365781535,3.2456976949989182,8.603471729464292,155,62.00550565561312,6611.3070575559605,0,17.503685788734593,20,17.360078886549584,170,14.637592953919258,147,17.01128497528973,80,15.243505713595324,6,15.66435891602637,0,0.0,33.07001108993941,16.20208205300965,5.184020040251615,0,33.07001108993941
38,141242,4726,12245.0,1387.0,17827.0,18358.0,177427.0,161,161,153.16322822895452,48,11718.90011410191,242.28846519993058,582.9497491077444,19.505674758805455,50.538930897497416,5.724581229467449,73.57758441075431,75.76918688577032,12.05249627736282,0.4032801674205738,1.0448932818588503,0.11835581722647817,1.5212178469332562,1.5665292665059023,161,4.8574371212580205,378.28196358931325,0,0.0,0,17.389770682156716,8,21.065161986504542,29,20.505270682156716,13,21.268127825013856,0,22.522770682156715,0,0.0,27.312770682156714,20.68731613670217,2.637200180757697,0,17.722770682156714
39,499888,24143,78232.0,103804.0,79457.0,206179.0,785524.0,165,165,108.05585904968065,50,48477.93254008584,225.4818588612727,2216.976578623805,107.07291540848054,346.9547412598372,460.3651953386867,352.3875508268085,914.3928520070044,10.311660869337784,0.49802041330942554,1.6137651896625513,2.141262932658394,1.639034419099823,4.253048535630371,165,19.39129389656483,1084.3232376338976,0,16.686621275646736,6,14.166004392529855,69,14.54929321240563,3,13.953504392529855,0,0.0,0,0.0,0,0.0,28.162075821101283,14.610253391194743,3.5559721972386513,0,28.162075821101283
40,353759,12235,30368.0,20576.0,0.0,63179.0,416938.0,174,174,44.540935088748,46,27448.975887596684,161.19997234261916,2194.535115974525,75.89951674430422,188.3871290961202,127.64270180063781,0.0,391.92934764106224,12.887876088661377,0.4457361196316474,1.1063436437248768,0.7496090230928302,0.0,2.3016887864493545,174,0.0,1121.7989468239227,0,20.910548459934493,0,21.181176479258163,0,22.567118508243674,0,0.0,0,0.0,0,0.0,0,0.0,34.76277068215671,21.426679773065803,3.789962843534472,0,29.382770682156714
41,548959,9483,97638.0,23456.0,99089.0,130577.0,778625.0,177,177,225.39327313943303,41,38902.24930086535,272.2975581875948,2016.026157758653,34.82587234023908,358.57097158665647,86.14105890674342,363.89970097247186,479.537902833639,14.111240606022976,0.24376482518169093,2.5098291680997513,0.602947141143282,2.547127782603456,3.3565411344247242,177,13.498833542233983,561.2231968526456,0,14.409511694854835,0,10.721973970804246,29,9.998083952108422,58,10.861344575727113,60,11.847313580627693,1,13.470479436790317,0,0.0,19.859511694854834,11.06158792009628,3.130890729882973,0,14.409511694854835
42,676179,71706,98219.0,73289.0,0.0,243214.0,919393.0,181,181,17.64053551069372,48,66468.60337010615,189.55035184276585,3567.2790550180466,378.2952619337839,518.1683866325596,386.64660491263055,0.0,1283.110253478974,10.172908195993589,1.0787950455455084,1.4776750980173805,1.1026108009508935,0.0,3.659080944513782,181,0.0,4468.589491180928,0,12.139068641818666,0,9.590535396017303,0,9.51025878839714,0,0.0,0,0.0,0,0.0,0,0.0,32.29230769028471,10.569874430703932,5.314392965216594,0,32.29230769028471
43,1343840,48261,173970.0,104534.0,309646.0,326765.0,1980251.0,184,184,107.88692991973129,48,105591.79244466612,276.69874602499084,4856.689881343471,174.41712582116713,628.734327492353,377.7899303907894,1119.0726537374096,1180.9413837043096,12.726746737481706,0.45705256897964386,1.6475712360993067,0.9899822474817781,2.9324817093361264,3.094606052560729,184,66.37020422932804,3301.3920762114876,0,14.503585768928907,10,12.481168837711978,204,13.668438136206724,196,13.448083123426263,16,12.334622805965946,0,0.0,0,0.0,32.73951169485483,13.37443803002979,4.130620212161236,3,21.509511694854837
44,1265778,89845,169146.0,85624.0,4315.0,344615.0,1614708.0,187,187,96.32855236892676,50,62939.55823228052,233.55073904636552,5419.71310032426,384.6915679515943,724.2366292252254,366.6184074159643,18.47564267027803,1475.546604592784,20.11100864941893,1.4274806262291206,2.687435449987766,1.3604162851604678,0.06855783741085932,5.475332361377355,187,5.230931166706047,1568.713368538669,1,7.0489783362606655,6,5.996190145293908,5,7.141096362613341,0,13.831909370743423,0,0.0,0,0.0,0,0.0,25.33357603741009,6.7207656925825034,3.9042260743831143,1,18.28357603741009
45,308490,17783,90091.0,141455.0,41977.0,249329.0,599796.0,189,189,180.93332098982282,44,22372.487231563653,270.60559962647136,1139.99858253422,65.71556547442715,332.9236354471471,522.7349330363321,155.1224367047196,921.3741339579063,13.788811087788877,0.7948602145098694,4.026865634898985,6.32272123058503,1.876277749788044,11.144447079993883,189,7.980108307272744,904.4833487847704,0,20.710780320708643,1,19.602511089939412,13,12.754926344176697,55,15.067892445871616,17,15.138046804225127,2,15.822011089939412,0,0.0,28.860011089939412,15.500801467946282,4.318050469413514,0,28.860011089939412
46,560333,15643,18685.0,3646.0,9031.0,37974.0,607338.0,211,211,261.61496686468166,40,36146.58967360859,304.11328920017365,1842.514023223685,51.43806783696142,61.440919103344896,11.988953227230157,29.696170212593405,124.86794016753647,15.50168370127352,0.43276558428474077,0.5169229011289639,0.10086705365352969,0.24984376345173523,1.0505555390672343,211,2.1328008658499167,235.6647588312498,0,8.74357603741009,0,7.724147465981519,4,5.4290760374100895,14,5.73500460883866,0,7.00607603741009,0,8.15303549686955,0,4.826909370743423,14.49357603741009,7.1444409022749555,2.967877994889498,0,12.30357603741009
47,664063,5411,8633.0,3070.0,27255.0,17114.0,708432.0,217,217,184.61566782421133,41,40041.23009536058,271.2350634427732,2448.2933422068713,19.949485628142785,31.82848076654161,11.318595616041092,100.48479593328989,63.096562010725485,16.58448050717958,0.13513570854625045,0.21560276693398267,0.07667097121363683,0.6806733942761146,0.42740944669387,217,5.0207040825409095,431.46073404660757,0,13.500278639443156,0,11.744849636640906,18,5.370050798302463,10,6.272037277118475,25,7.802175619827409,0,0.0,0,0.0,38.1637816590589,8.055888878220829,5.779846602732973,0,22.51877561982741
48,581521,11647,22573.0,6587.0,54580.0,40807.0,676908.0,218,218,273.5288476225502,38,44785.318939738245,304.30588363591914,1910.9752103766402,38.273988858969375,74.17865119889376,21.645983052634264,179.35900334185183,134.0986231104974,12.984634558089825,0.26006290176635444,0.504026777845962,0.14707944826435793,1.2187029431104683,0.9111691278766743,218,8.859751146136267,653.6177548377873,0,10.521718119250771,9,6.481459746802887,2,7.064295098763542,43,9.07362734779092,0,10.753007524051437,58,9.554138690705324,0,6.612253533608901,17.659511694854835,8.352224193152464,3.0319733970800065,1,17.659511694854835
49,922993,60172,244846.0,285317.0,205951.0,590335.0,1719279.0,221,221,220.68045382628944,44,58772.96844647579,276.5467844740809,3337.5654747000203,217.5834375164813,885.3691807179482,1031.713315859368,744.7239004845583,2134.6659340937977,15.704379485963255,1.0238039968118728,4.165962796706106,4.854561672511685,3.5041789694110554,10.044328466029665,221,37.22293901536221,1628.5864826712925,8,10.139511535497395,21,10.09212033691888,56,12.647757035373592,66,14.488815326448496,47,14.712022691279433,7,22.073915823518252,0,0.0,28.644440549214508,13.5515488347612,5.044286991461909,11,21.85357603741009
50,283260,508,3753.0,8991.0,7161.0,13252.0,303673.0,222,222,58.13447069539247,52,37857.642102488106,218.83660698977258,1294.3903851207047,2.321366644218449,17.14978152707055,41.085447831039524,32.72304436859905,60.556596002328526,7.482240949744289,0.013418690964026333,0.09913454170864336,0.23749498121567078,0.18915599604998537,0.35004821388834045,222,6.033743177175524,683.6252543409619,0,16.94220271169048,10,13.273612167533475,6,11.716508931786173,0,0.0,0,0.0,0,0.0,0,0.0,18.5837816590589,13.6280816590589,3.799533196328202,0,18.5837816590589
51,515424,2348,12231.0,6198.0,73.0,20777.0,536274.0,223,223,59.660681642587384,50,41067.11987465547,210.31955683166123,2450.6708161835036,11.163964185600333,58.15436369424092,29.469442087883674,0.3470908797056322,98.78776996772493,12.550770581749351,0.05717469370061828,0.2978295053885273,0.15092365909558436,0.0017775777854110452,0.50592785818473,223,0.0,90.95375167003502,0,11.88877561982741,0,9.853323270457041,0,10.74252561982741,0,0.0,0,0.0,0,0.0,0,0.0,14.6837816590589,10.310776827673708,2.9308069094784646,0,11.88877561982741
52,546404,33952,118632.0,139950.0,41743.0,292534.0,880681.0,228,228,72.11274691448011,49,33308.10370868657,185.53722075695626,2944.9832102193645,182.99293188440765,639.397310771414,754.296089102935,224.98450623382504,1576.6863317587565,16.404536408883008,1.0193315205496225,3.5616557771513553,4.201680204433308,1.253238562155481,8.782667502134286,228,2.5347411907998576,1229.0462230352919,0,15.832511089939407,1,15.379802756606077,9,15.277153947082269,0,0.0,0,0.0,0,0.0,0,0.0,27.01001108993941,15.389849799616831,4.92823099363997,0,27.01001108993941
53,959145,2530,9610.0,9624.0,188.0,21764.0,981097.0,230,230,17.775205891956713,55,49042.88354010835,167.44647950918988,5728.069069062511,15.109305417562673,57.39147235682897,57.475081161511135,1.1227468057319299,129.97585893590278,19.557271733738702,0.051587505003267406,0.19595095773968368,0.19623642219424722,0.0038333798184246133,0.4437748849371983,230,0.0,111.17436357050468,0,10.07357603741009,0,7.755576037410091,0,0.0,0,0.0,0,0.0,0,0.0,0,0.0,16.01357603741009,8.561836906975309,3.8089764141106754,0,16.01357603741009
54,1490344,95996,163520.0,168705.0,47869.0,428221.0,1966434.0,233,233,80.25645213307952,45,87151.50039119856,206.17723152002935,7228.460625901937,465.5994228473979,793.104062919356,818.2523295915482,232.17403612944383,2076.955815358302,17.100612075641443,1.1014841921148917,1.8762729186073073,1.9357670176959747,0.5492619150000807,4.913524128418174,233,11.349229295683076,4999.015708915488,0,16.76716286110864,0,13.504087091011298,65,14.05469109747212,0,10.886894824008085,0,0.0,0,0.0,0,0.0,32.640011089939414,14.240559248146516,4.794276268690077,0,32.640011089939414
55,1454524,114437,167101.0,177860.0,83881.0,459398.0,1997803.0,234,234,57.074601576617106,46,95816.72095390373,256.5904997629522,5668.658821522009,445.99079118564845,651.2361141755991,693.1667390815858,326.9061016580597,1790.3936444428334,15.180273187388181,1.1943322507879837,1.7439649190290103,1.856252209732436,0.8754317530898823,4.79454937954943,234,6.235439598811778,1471.0931159344427,0,19.02594858993941,0,17.052750395298283,27,14.560730718684747,21,13.17834643691131,0,0.0,0,0.0,0,0.0,32.32001108993941,15.541915340714647,5.330846951426812,0,32.01001108993941
