"id","residual"
1,2.86585766240355
2,-3.04270915927084
4,-2.63539824868778
7,0.803851653323974
9,1.35810750498221
13,-5.59181295851533
18,-1.81700176721577
23,-2.417833690598
24,3.98300770701171
25,5.06226922550737
26,-1.57253997693811
33,-3.14402121831889
35,-1.005625033117
44,0.368204374175463
49,-0.730381976879244
50,4.52443614138495
57,-0.385052855691882
59,0.593832001384904
60,-4.53941413422727
74,-3.7674940853384
75,0.757705691979112
84,-0.894891276287922
89,-3.55330350843708
91,0.800448341614853
92,5.62441444564546
97,-0.473747494192089
100,1.42311545767204
103,4.77619375931496
109,4.69502899520655
110,-2.73202133229235
111,3.02281917405973
114,4.61870989689957
115,-0.0814364191075327
132,-2.74550467720509
143,-5.11889841506878
144,-2.7165484780462
145,-4.26959090626178
155,5.41160336209509
161,3.01918140096388
165,3.3224313074919
174,-4.26271840718953
177,-0.933908499754899
181,-2.92202918599865
184,-1.00816385238129
187,2.85672065062523
189,1.55350802591985
211,0.543377875816496
217,-2.6892589774714
218,-1.36897090319749
221,1.07284779459174
222,2.38800061708454
223,0.429515275478686
228,1.54963327753091
230,3.57169521253964
233,-2.1101645644681
234,-2.85905159469527
